
                Cross-Validation scores: [-0.0458736  -0.00088322 -0.00270873 -0.0109268  -0.01956594])
                Test set score: -0.00010247507916827381
                R2: -0.00010247507916827381
                MAE: 0.6516911471877367
                Coef: [ 0.  0. -0. -0. -0.  0.]
                Intercept: [0.00196369]
                RMS: 0.9406311231923532
                