
                Cross-Validation scores: [0.07240962 0.07573557 0.23712322 0.16857597 0.17456669])
                Test set score: 0.16700909421844035
                R2: 0.16700909421844035
                MAE: 0.5623576203609254
                Coef: [[ 0.34436853  0.          0.05561059 -0.02813535  0.15000614  0.05554824]]
                Intercept: [-0.00010259]
                RMS: 0.8510952045813736
                