
                Cross-Validation scores: [0.0733055  0.06843716 0.24030297 0.16596866 0.16508741])
                Test set score: 0.165789591105721
                R2: 0.165789591105721
                MAE: 0.5656458802005474
                Coef: [ 0.32871771  0.          0.03763775 -0.01084122  0.14743324  0.06297534]
                Intercept: [0.00681344]
                