
                Cross-Validation scores: [ 0.18034404  0.06046588  0.08235774 -2.18547901 -4.17877941])
                Test set score: 0.26122913578295515
                R2: 0.26122913578295515
                MAE: 0.5954689879579986
                Coef: [ 0.36551008  0.         -0.04502597  0.05886617  0.13927681 -0.18590292]
                Intercept: [-0.01205847]
                