
                Cross-Validation scores: [-0.23489696 -0.3835548   0.22323968  0.09505198 -0.02633099])
                Test set score: 0.2707165713140999
                R2: 0.2707165713140999
                MAE: 0.4729841731997089
                Coef: [ 0.11029565  0.         -0.19272529 -0.0351262   0.39467761  0.15903917]
                Intercept: [-0.0116354]
                